Amplitude = 1689.56 
Offset = 2048.2 
Frequency = 20000042.89 Hz
Phase = 79.0559 deg
Phase = 4.52138 rad

Error_Abs_Max = 25.9781 
Error_Mean = 4.6152e-13 
Error_Var = 32.6775 
Error_Std = 5.716421314