Amplitude = 1687.33 
Offset = 2048.06 
Frequency = 20000216.5 Hz
Phase = -69.3605 deg
Phase = -1.21057 rad

Error_Abs_Max = 21.7232 
Error_Mean = -2.49329e-10 
Error_Var = 30.2739 
Error_Std = 5.502170797