Amplitude = 1686.97 
Offset = 2048.33 
Frequency = 19999826.71 Hz
Phase = 64.754 deg
Phase = 4.27176 rad

Error_Abs_Max = 25.6664 
Error_Mean = -3.99542e-13 
Error_Var = 34.4414 
Error_Std = 5.868679157