Amplitude = 1687.52 
Offset = 2047.94 
Frequency = 20000115.35 Hz
Phase = 63.5564 deg
Phase = 4.25086 rad

Error_Abs_Max = 18.3601 
Error_Mean = -7.23538e-11 
Error_Var = 32.297 
Error_Std = 5.683048709