Amplitude = 1688.19 
Offset = 2047.9 
Frequency = 20000060.73 Hz
Phase = 102.189 deg
Phase = 4.92512 rad

Error_Abs_Max = 21.6452 
Error_Mean = 3.15228e-11 
Error_Var = 31.868 
Error_Std = 5.64517528